0 0.24275914634146348 0.4889905149051491 0.08384146341463419 0.5216802168021679
0 0.31802591463414637 0.4288617886178862 0.081935975609756 0.5335365853658536
0 0.400438262195122 0.3280826558265583 0.08479420731707314 0.3523035230352304
0 0.5028582317073171 0.31876693766937675 0.09146341463414638 0.36077235772357724
0 0.5933689024390244 0.29844173441734423 0.09717987804878048 0.337059620596206
0 0.681497713414634 0.29166666666666674 0.07526676829268295 0.3472222222222222
0 0.8363185975609756 0.28658536585365857 0.1371951219512197 0.3777100271002711
0 0.9473037347560975 0.2762195121951228 0.10383003048780477 0.4077913279132807
1 0.316406 0.647917 0.028125 0.081944
1 0.249219 0.564583 0.028125 0.176389
1 0.606250 0.373611 0.014063 0.150000
1 0.527344 0.477778 0.034375 0.033333
1 0.427734 0.368056 0.022656 0.230556
